

Group <- c(Control,Control,Control,Control,Control,Control,Control,Control,Control,Control,Control,Control,Control,Control,Control,Control,Control,Meditation,Meditation,Meditation,Meditation,Meditation,Meditation,Meditation,Meditation,Meditation,Meditation,Meditation,Meditation,Meditation,Meditation,Meditation,Meditation)
Pretest <- c(0.48261,0.42745,0.46222,0.46889,0.43752,0.36928,0.52026,0.39739,0.45503,0.45386,0.44745,0.31725,0.40562,0.39216,0.46771,0.48314,0.46065,0.43072,0.41922,0.48366,0.49725,0.40013,0.39673,0.38405,0.5251,0.41281,0.42157,0.41281,0.57843,0.41935,0.45281,0.29673,0.46144)
Posttest <- c(0.50026,0.41137,0.45542,0.48261,0.45242,0.33621,0.53634,0.40275,0.43595,0.46235,0.45621,0.32092,0.40588,0.39987,0.4719,0.47137,0.46654,0.42549,0.41974,0.49882,0.50967,0.41059,0.41569,0.40418,0.54078,0.43046,0.43333,0.41333,0.58,0.42471,0.4583,0.31137,0.47007)

